21 48 31 34 35 33 30 43
6 41 29 20 16 22 30 19
17 18 30 16 44 21 31 40
5 14 4 24 23 47 37 39
14 23 5 47 37 39 36 3
4 14 23 3 47 37 39 36
1 41 20 29 16 22 30 19
40 18 9 8 44 2 31 42
9 7 40 18 44 42 2 31
8 7 40 18 42 44 31 2
50 11 51 26 27 12 25 13
27 50 24 26 3 25 5 4
26 13 25 51 27 46 10 11
12 51 46 26 25 27 10 11
4 5 23 37 47 39 3 36
49 43 45 19 28 33 34 35
2 20 17 30 21 41 22 18
30 21 2 0 31 48 20 44
44 40 7 2 31 17 48 21
49 22 15 29 43 0 28 21
30 22 17 29 21 16 19 0
0 48 31 30 17 34 35 22
19 49 30 21 29 0 20 17
47 4 37 14 5 36 39 38
3 5 23 47 4 14 45 37
26 27 46 12 11 13 24 45
27 25 12 11 46 13 50 10
26 25 11 12 24 50 46 3
49 15 19 29 22 43 45 33
22 19 49 20 28 30 41 15
17 21 0 20 22 31 48 2
48 0 21 35 34 38 33 44
42 50 9 3 5 14 8 11
34 35 38 36 43 39 48 37
35 33 38 48 36 39 43 37
34 33 38 48 36 39 43 37
39 37 38 47 23 33 35 34
39 36 23 47 4 14 38 5
39 35 34 36 33 37 47 48
37 36 38 23 47 35 4 14
7 18 44 8 9 2 31 17
6 1 20 29 16 22 30 19
14 3 5 4 37 39 23 9
33 34 35 36 45 15 38 0
18 31 40 7 48 2 17 21
47 43 36 23 15 33 37 4
25 26 12 27 13 11 28 15
23 4 37 36 5 14 39 38
31 0 35 34 21 33 38 43
19 22 15 43 28 29 0 21
11 10 27 24 3 26 5 32
12 13 10 26 27 25 46 11
