279 1 2 3 4 278 241 242
279 2 0 241 242 278 240 243
279 278 3 1 277 0 276 247
276 278 4 2 277 5 275 279
5 3 276 6 275 2 8 278
4 6 275 276 8 3 7 274
7 8 5 9 4 10 275 274
6 8 9 10 5 11 274 275
7 6 9 274 10 273 275 5
7 10 8 6 11 12 273 274
9 11 7 12 8 14 13 272
10 12 14 9 13 7 271 272
11 13 14 10 9 23 270 271
12 14 11 23 10 15 22 270
12 11 13 270 10 15 271 272
270 16 271 14 269 13 17 272
17 132 15 18 131 133 269 270
16 18 132 131 19 130 133 22
17 19 131 130 132 16 20 129
18 20 130 129 131 17 127 132
19 127 129 128 130 18 126 131
24 25 22 26 19 23 27 20
23 24 21 13 17 25 16 18
22 13 24 12 16 21 14 17
21 22 23 25 18 26 17 19
21 26 24 27 20 22 28 127
25 27 21 28 24 127 20 126
26 28 25 31 30 21 126 127
27 30 29 31 125 26 126 124
30 124 28 125 31 123 32 126
29 31 28 32 124 125 27 123
30 28 32 29 27 124 33 125
33 30 31 29 124 35 28 34
32 34 35 29 30 37 38 124
35 37 38 36 39 33 40 48
34 36 37 38 33 39 48 49
37 35 34 38 49 48 47 50
36 38 34 35 39 48 47 49
37 39 34 35 36 40 47 48
38 40 34 37 41 46 45 47
39 41 38 42 45 44 46 34
40 42 39 44 59 43 45 58
41 59 40 43 60 44 58 45
44 56 58 55 57 42 45 59
43 45 55 54 56 41 46 58
44 46 54 53 55 40 43 47
45 47 53 52 54 39 44 48
46 48 52 51 53 38 45 49
47 49 51 50 52 37 46 53
48 50 51 36 47 37 52 38
49 51 48 52 47 36 53 46
48 50 52 47 49 53 46 54
47 51 53 46 48 50 54 49
46 52 54 45 47 51 55 48
45 53 55 44 46 52 56 47
44 54 56 43 45 53 57 58
43 55 57 44 58 54 45 67
56 58 43 55 63 62 67 44
43 57 56 62 44 59 61 63
42 60 41 58 117 61 43 62
59 117 61 42 116 62 58 43
62 117 60 116 115 58 59 63
61 63 64 58 85 57 117 60
64 62 65 57 66 84 61 85
63 65 84 85 62 83 115 86
64 63 66 84 70 85 71 83
69 65 70 67 68 63 64 71
68 66 69 57 56 63 65 70
67 69 66 70 57 65 56 63
66 70 68 67 71 65 63 72
69 71 66 65 72 68 67 73
70 72 69 73 65 66 74 84
71 73 70 74 75 65 76 83
72 74 75 71 76 70 77 82
73 75 76 72 77 78 71 81
74 73 76 78 81 77 80 82
74 77 75 73 78 72 80 94
76 74 78 75 94 93 73 79
79 80 75 81 76 77 88 93
80 78 89 88 90 81 92 93
79 81 88 78 89 82 87 108
80 82 87 88 78 75 79 83
81 83 87 86 80 84 88 111
82 84 86 85 87 64 81 112
64 83 85 65 86 63 82 115
115 84 64 86 83 112 62 114
83 112 85 87 82 84 111 115
111 82 81 86 88 83 112 108
108 80 89 81 87 79 111 107
90 88 108 79 103 80 107 102
89 91 102 79 103 92 101 108
90 92 101 102 97 100 89 98
93 97 96 91 90 79 94 95
92 94 96 95 97 79 78 91
93 95 96 92 77 97 78 79
94 96 93 97 92 77 98 79
93 95 97 92 94 98 91 79
92 96 93 98 91 95 94 90
99 97 100 91 92 101 96 168
100 98 168 101 167 91 169 166
99 101 168 98 91 102 167 169
100 102 168 91 90 99 103 169
101 103 104 90 91 168 89 107
102 104 107 89 108 90 105 109
103 105 102 106 107 172 109 169
104 106 172 103 169 170 171 173
105 104 172 107 173 103 109 110
103 109 108 104 89 102 106 110
88 107 89 109 111 103 87 110
107 110 108 111 103 113 87 88
109 113 111 112 107 114 87 108
87 110 109 112 108 86 113 88
86 113 111 115 110 114 85 87
110 112 114 111 115 86 109 116
113 116 115 112 110 117 85 86
85 114 112 116 86 113 61 117
114 117 115 61 60 113 85 112
60 116 61 59 114 62 115 85
119 156 120 157 151 155 150 152
118 120 121 156 152 155 151 154
119 121 118 122 152 154 153 155
120 122 119 123 153 154 152 124
121 123 120 124 125 153 154 119
122 124 125 29 121 126 153 120
29 123 125 30 122 28 126 121
126 124 29 123 28 127 128 122
125 127 128 20 28 129 124 153
20 126 128 129 19 125 130 153
127 129 20 126 153 130 19 125
20 128 130 19 127 131 18 126
19 129 131 18 20 128 132 127
18 130 132 17 19 129 16 20
17 131 16 18 133 130 19 269
134 269 268 132 135 267 16 131
133 135 268 267 269 136 266 132
134 136 267 266 268 133 137 269
135 137 266 265 267 134 138 268
136 138 265 139 266 148 147 264
137 139 147 148 140 265 136 146
138 140 265 137 147 264 141 266
139 141 147 138 146 142 265 148
140 142 146 145 147 139 143 144
141 143 145 144 146 140 199 198
142 144 199 145 198 201 141 200
143 145 198 142 199 146 197 200
142 144 146 141 143 147 198 199
141 145 147 140 142 148 138 144
138 140 146 148 139 141 137 145
138 147 137 146 139 140 149 265
148 177 178 138 150 147 151 176
151 176 177 155 175 156 157 158
150 155 177 152 176 118 156 157
154 155 151 153 119 120 118 121
154 128 152 126 129 121 122 127
152 153 155 120 121 128 119 122
151 152 150 154 118 119 177 156
118 157 119 158 150 151 155 176
156 158 118 159 150 176 151 175
157 159 156 174 175 176 150 180
158 174 157 160 175 180 173 181
161 174 159 162 173 181 182 183
160 162 163 174 173 182 183 184
161 163 160 164 183 184 173 186
162 164 161 165 184 186 187 183
163 165 162 187 186 184 161 188
166 164 163 167 170 171 169 162
167 165 170 171 169 168 99 164
166 168 99 169 100 170 171 165
100 101 169 99 102 167 170 171
170 171 168 101 105 167 166 172
171 169 166 172 168 105 167 165
170 169 166 172 168 105 167 165
105 106 173 104 170 171 169 161
172 106 160 105 161 174 159 162
159 160 158 161 173 180 181 182
176 180 179 177 150 181 178 159
150 175 177 151 180 179 178 158
150 176 151 175 149 178 179 180
179 175 180 177 176 181 149 182
180 178 175 181 176 182 177 183
175 179 181 176 182 178 159 174
180 182 179 175 183 178 160 174
181 183 180 184 179 160 161 174
182 184 181 186 185 161 162 163
183 186 185 182 162 163 187 188
186 184 188 189 187 183 190 192
184 185 187 188 183 189 163 164
188 186 189 185 164 184 163 190
187 189 185 186 190 184 164 183
188 190 185 187 186 184 192 191
189 191 192 185 188 186 193 187
190 193 192 194 196 189 195 197
193 196 191 190 197 185 194 195
194 196 195 191 197 192 200 198
193 195 196 200 197 201 191 199
194 196 200 193 197 201 199 198
193 195 197 194 200 198 192 199
196 198 200 195 199 144 193 201
144 197 199 143 200 145 196 201
143 198 200 201 144 197 142 195
195 197 199 201 196 198 143 194
199 200 202 143 195 197 198 196
201 203 143 199 142 200 204 198
202 204 201 205 142 143 211 212
203 205 206 211 207 212 202 210
206 207 204 211 252 208 209 251
207 209 211 205 208 210 212 252
206 208 252 205 209 251 211 253
207 209 251 206 252 210 254 205
206 208 210 207 211 213 251 205
209 211 213 206 212 208 214 215
206 210 212 209 213 205 207 215
211 213 215 210 214 206 216 217
210 212 214 211 215 209 217 216
213 215 217 212 216 210 218 219
212 214 216 213 217 211 219 218
215 217 219 214 218 212 220 221
214 216 218 215 219 213 221 220
217 219 221 216 220 214 215 222
216 218 220 217 221 215 214 212
219 221 218 216 217 215 222 214
218 220 219 217 222 216 214 223
223 221 218 224 217 220 219 225
224 222 225 218 226 217 221 233
223 225 226 222 233 217 227 218
224 226 223 227 233 232 214 228
225 227 224 228 233 232 231 234
226 228 225 229 232 231 233 230
227 229 226 231 250 230 232 245
228 250 227 230 249 231 245 246
231 237 245 236 238 229 232 244
230 232 236 235 237 228 233 245
231 233 235 234 236 227 230 237
232 234 235 226 231 225 227 236
233 235 232 236 231 226 237 230
232 234 236 231 233 237 230 238
231 235 237 230 232 234 238 245
230 236 238 231 245 235 239 244
237 239 245 230 244 236 240 243
238 240 244 243 245 237 242 246
239 243 241 242 244 238 246 245
242 240 243 239 1 244 246 238
241 240 243 239 244 246 247 1
240 244 242 246 239 241 245 249
239 243 245 246 238 240 230 249
230 238 244 237 239 246 243 250
243 244 249 245 247 250 240 248
248 246 249 243 277 242 278 244
247 249 255 246 250 254 251 277
250 246 248 229 244 247 243 245
229 249 246 228 245 230 244 248
208 252 254 207 253 209 255 256
207 251 253 208 254 205 206 256
252 254 256 251 255 207 257 208
251 253 255 252 256 208 248 257
254 256 253 257 248 251 252 258
253 255 257 254 252 258 251 261
256 258 255 253 259 254 260 261
257 259 260 256 261 255 253 277
258 260 257 261 274 273 275 277
259 258 261 257 273 272 274 262
260 262 258 257 259 256 263 272
261 263 260 264 257 267 266 268
262 264 266 265 267 139 261 268
265 139 263 266 137 138 140 267
137 139 264 266 136 138 140 267
136 265 267 135 137 264 263 268
135 266 268 134 136 265 269 264
134 267 269 133 135 266 136 263
133 268 134 267 135 132 15 16
15 271 14 272 12 16 273 13
270 272 15 273 14 11 274 12
271 273 270 274 260 8 14 275
272 274 271 275 8 260 259 270
273 275 8 272 276 259 260 5
274 276 5 273 8 3 259 4
3 275 5 277 274 278 4 259
278 3 276 247 2 248 259 258
277 2 3 276 247 279 1 242
1 2 0 278 242 3 241 277
