97 86 102 33 75 6 72 83
36 18 28 41 8 98 109 46
61 112 9 148 47 93 87 62
103 44 114 149 127 70 43 67
99 106 142 94 96 81 6 102
8 27 36 41 1 18 98 119
83 7 29 88 102 33 97 0
88 83 6 29 95 123 34 33
27 36 41 5 1 119 18 46
112 93 62 2 87 47 120 95
147 60 35 129 68 126 16 65
23 52 117 115 42 100 39 126
105 73 135 111 90 122 63 70
79 121 76 71 14 132 77 48
77 58 15 132 78 79 121 13
58 132 14 110 78 77 104 120
65 59 129 147 139 10 56 38
141 84 74 64 25 131 82 145
98 1 113 28 107 36 101 85
24 50 109 46 80 108 89 140
149 114 124 77 43 87 78 148
124 148 61 103 149 3 2 114
37 31 130 66 76 48 121 146
117 11 52 126 39 115 68 138
19 109 140 80 89 50 45 46
145 55 74 82 89 96 17 125
30 128 143 144 146 48 116 122
8 5 41 36 119 1 138 46
85 80 107 1 18 134 109 69
83 88 7 62 6 95 33 47
26 128 144 122 143 146 48 135
22 37 130 66 76 42 121 115
125 104 51 110 91 92 53 34
97 0 86 102 29 75 6 83
92 95 123 88 51 7 125 83
60 68 126 10 117 129 147 23
8 41 1 27 5 119 18 46
22 31 130 66 115 100 42 76
56 40 100 115 126 129 59 116
138 52 117 23 119 41 11 46
56 100 38 116 115 128 37 59
8 36 119 27 1 46 5 138
108 66 11 50 115 31 37 23
70 114 44 149 63 3 127 20
70 127 3 114 43 149 67 103
137 89 53 91 133 50 24 55
119 109 138 41 19 1 80 36
62 72 112 29 75 33 9 2
146 143 71 144 128 30 13 79
134 57 54 69 85 107 136 131
108 19 42 137 24 45 133 46
125 32 92 110 34 104 120 15
23 39 117 138 11 119 126 68
91 45 137 133 89 32 104 110
57 49 64 140 134 85 131 69
25 145 82 89 91 74 45 32
38 40 100 116 59 115 129 126
54 49 140 134 85 80 69 64
15 78 14 77 132 120 110 104
65 16 129 56 139 38 116 147
35 68 10 126 147 129 117 23
148 2 124 21 112 87 9 93
47 29 72 112 9 33 95 88
111 135 43 70 71 144 105 12
54 131 84 57 17 74 141 82
16 59 129 147 139 56 38 116
31 42 37 130 22 108 115 133
118 90 127 44 105 3 70 103
126 35 60 117 10 23 129 52
107 134 85 49 101 136 28 113
44 43 114 127 149 3 105 67
48 146 144 143 79 13 121 111
75 47 62 33 86 29 0 97
122 135 12 111 30 144 105 63
25 17 82 145 141 55 64 84
72 86 33 0 97 47 102 62
121 132 13 130 79 14 15 31
14 58 78 15 132 79 13 121
58 120 77 15 87 14 93 132
13 121 14 71 76 77 132 48
109 28 85 24 140 57 19 1
94 106 4 102 97 0 86 99
55 140 25 89 74 64 145 54
6 7 29 88 95 33 102 62
141 17 64 131 74 54 82 57
28 134 107 69 49 57 80 18
0 97 75 33 102 72 6 29
93 120 78 9 112 58 61 20
7 95 83 29 6 34 123 62
45 91 53 137 55 82 24 19
118 67 127 105 44 70 12 3
53 45 137 89 133 32 104 55
34 125 123 51 95 32 88 7
87 120 9 112 78 2 61 58
106 81 4 102 99 97 0 6
88 34 29 7 83 62 92 123
99 142 4 123 145 7 106 25
0 102 86 33 6 75 83 29
113 18 101 107 1 69 28 36
142 4 96 106 94 81 6 123
115 40 38 56 37 11 66 23
113 69 107 98 18 134 85 136
97 0 33 86 6 83 75 29
3 149 44 114 127 21 70 124
110 32 51 15 132 125 91 53
12 90 70 118 127 67 44 43
94 4 81 99 102 142 6 97
69 134 85 28 101 18 49 113
42 50 66 137 133 19 45 11
80 46 19 24 28 1 119 85
104 15 51 32 132 58 125 14
135 63 144 71 73 12 122 146
9 93 2 62 47 87 61 95
98 101 18 107 69 1 134 85
149 43 44 70 3 20 103 127
100 11 23 38 40 66 42 37
56 40 139 59 26 38 128 65
23 52 126 68 11 39 35 60
67 90 127 105 44 70 3 12
46 41 138 36 8 27 39 1
78 87 93 58 15 9 51 77
76 13 79 132 14 77 130 71
73 30 135 144 111 26 12 143
92 34 7 88 95 83 96 125
148 21 61 149 20 114 103 2
32 92 51 34 104 110 123 145
68 35 60 117 23 38 129 11
44 67 118 3 70 90 114 103
26 143 30 146 48 144 40 71
147 59 65 16 10 60 38 126
31 22 37 66 76 121 133 42
64 136 49 54 84 57 134 69
15 14 76 121 58 77 110 13
137 53 45 91 108 130 66 50
69 49 107 85 57 28 54 136
111 63 73 144 122 12 71 30
49 69 134 131 101 107 54 85
45 133 53 91 89 108 50 19
39 119 52 46 41 23 117 11
116 59 65 16 56 129 40 38
57 24 82 54 80 89 109 19
17 84 74 64 131 25 82 54
99 4 96 106 94 81 123 17
146 48 128 144 71 30 26 22
146 48 143 71 30 111 135 128
25 55 74 125 82 123 92 32
48 143 71 144 128 30 13 79
10 129 16 60 65 35 59 68
124 61 21 2 20 87 149 93
114 3 43 44 70 20 103 124
