223 178 169 174 224 229 227 228
10 3 5 4 12 15 6 13
16 4 57 6 3 12 49 5
6 5 4 1 2 12 16 57
3 2 6 12 1 57 5 16
3 6 1 4 10 2 12 15
3 4 5 2 16 1 12 57
14 305 13 11 8 148 12 141
13 11 12 14 57 305 7 9
297 49 299 51 11 57 47 62
15 1 13 12 14 8 5 4
8 305 297 13 9 14 7 298
8 13 4 57 1 2 11 10
8 12 14 11 7 10 57 305
7 13 8 11 305 10 12 15
10 1 14 13 12 5 3 8
2 6 4 57 49 3 59 12
109 22 195 114 111 110 117 192
72 23 73 28 70 69 26 20
42 354 25 41 348 39 21 46
26 22 326 23 114 18 17 108
19 354 42 347 348 25 27 41
17 114 109 20 26 111 110 326
18 72 20 73 28 26 70 326
196 309 199 314 317 318 193 27
318 42 316 311 39 308 19 312
20 326 22 114 108 23 111 18
195 24 196 29 17 194 109 193
73 72 70 69 18 23 277 71
194 68 192 197 195 193 196 200
287 284 288 282 285 281 283 34
340 339 341 130 33 134 265 266
307 102 92 314 313 199 317 312
130 340 31 123 339 341 118 134
35 36 287 30 288 284 285 226
36 34 285 288 283 287 30 286
35 34 285 288 283 287 30 286
137 136 120 132 135 145 147 128
46 44 346 43 41 45 39 350
44 316 46 308 311 310 41 45
349 351 38 43 342 45 344 346
46 348 346 39 42 38 44 354
19 41 25 354 348 39 46 316
45 44 38 46 39 308 316 310
39 46 316 45 308 43 38 311
43 44 308 39 316 310 38 46
44 39 38 41 316 45 43 346
60 67 63 62 56 51 48 55
62 63 58 51 65 47 60 320
57 9 59 67 2 47 51 16
65 54 52 320 64 61 48 63
62 58 48 47 63 60 299 9
64 53 327 50 54 65 61 320
52 280 327 61 50 65 55 64
50 320 65 64 52 48 58 63
61 56 63 60 65 47 48 50
55 60 63 61 47 67 48 62
49 2 12 4 8 9 11 16
48 62 51 320 63 299 65 47
67 47 66 60 49 56 55 63
47 56 63 67 62 55 48 51
55 56 65 63 53 50 60 280
48 51 63 58 47 60 65 56
48 62 56 60 65 47 55 51
52 54 50 327 320 65 53 323
50 63 54 48 61 55 320 62
59 67 56 55 60 61 47 63
60 47 59 56 63 55 62 51
194 197 193 29 192 100 93 196
70 73 28 277 71 72 268 271
73 28 72 69 18 71 272 277
272 273 270 271 69 324 70 277
73 28 18 70 69 23 71 277
70 72 28 18 69 71 23 277
207 87 81 206 79 105 172 210
76 82 87 77 85 80 86 83
75 82 85 86 83 84 80 88
80 86 188 75 182 76 89 84
84 88 86 168 80 89 227 83
81 172 85 82 95 74 170 87
86 77 84 89 76 78 188 88
79 172 95 74 85 207 82 87
85 76 79 75 87 81 83 172
168 88 84 173 76 180 85 82
88 78 86 168 83 80 76 180
82 79 76 83 81 172 170 75
80 84 77 78 88 76 89 83
74 82 75 206 79 81 85 207
84 168 83 78 86 180 173 76
230 188 80 86 78 181 77 231
100 99 101 104 97 197 96 68
179 95 170 94 104 172 176 96
102 307 32 106 101 313 94 306
200 197 97 103 96 100 192 104
179 106 91 101 176 170 104 99
172 98 81 91 79 170 96 104
97 104 98 103 99 95 93 100
96 104 99 93 103 100 98 197
95 96 105 103 172 97 207 104
100 104 90 97 101 96 91 93
99 90 97 104 101 197 96 93
90 99 94 100 106 104 91 179
92 32 307 106 101 90 94 199
93 97 96 214 98 105 200 202
96 99 97 100 91 98 95 101
214 207 98 210 220 103 208 74
94 101 102 179 92 90 91 99
115 203 113 108 116 212 215 112
110 107 326 112 111 325 114 116
17 114 111 195 22 117 110 198
112 111 117 114 108 116 198 107
110 112 114 117 109 108 198 201
110 111 117 116 108 114 198 201
215 116 212 211 218 220 107 216
111 109 110 112 22 17 117 108
203 107 212 322 328 113 330 325
113 215 211 208 220 202 218 112
112 198 110 111 201 202 116 114
122 130 33 119 121 123 340 31
134 128 264 266 265 121 122 118
135 145 137 121 128 37 131 122
122 128 119 118 135 131 134 266
121 118 119 128 131 135 134 130
33 118 130 129 340 31 339 341
133 126 125 127 286 289 129 283
124 133 126 289 129 286 127 190
133 124 125 286 127 289 283 129
123 33 129 124 340 339 341 31
119 121 134 122 264 266 265 135
123 33 127 118 130 340 31 125
340 31 339 33 341 134 118 265
122 121 135 118 128 119 138 120
136 234 139 147 37 137 151 149
124 126 125 286 289 127 283 129
264 266 265 119 130 128 31 340
120 121 128 122 131 119 145 118
132 37 137 147 120 234 139 145
37 136 120 128 135 119 264 266
262 131 129 190 122 118 121 123
151 152 132 147 140 149 136 234
151 141 152 142 149 139 147 143
140 152 151 148 139 142 149 146
143 149 140 147 146 144 151 145
142 149 144 146 147 140 145 150
143 150 256 142 145 149 146 261
120 150 135 147 37 149 137 131
143 142 148 304 303 140 149 144
149 136 132 145 142 139 37 151
146 141 140 305 298 7 304 142
147 142 143 140 151 139 145 136
145 144 120 135 131 262 256 138
152 139 140 141 149 147 142 132
151 139 140 141 149 132 147 142
164 158 165 156 167 162 157 160
157 166 162 156 165 164 153 155
161 166 159 163 154 157 165 162
162 164 157 153 165 154 167 158
154 162 156 166 165 164 153 167
153 164 165 160 167 156 162 157
163 166 161 155 296 154 165 157
158 269 278 153 164 335 167 165
155 159 166 163 154 157 165 162
157 156 154 164 167 165 153 166
159 166 161 155 296 165 154 157
153 158 165 156 167 162 157 154
164 153 156 158 157 154 162 166
154 159 157 155 163 161 165 162
164 156 153 158 162 165 157 160
88 83 180 173 84 78 175 171
174 178 171 0 175 223 227 180
176 179 91 172 95 79 85 81
174 180 175 178 173 227 169 168
81 95 79 170 98 85 91 74
180 175 168 171 83 88 177 174
171 178 227 169 223 175 180 173
173 180 171 177 174 169 168 178
170 179 177 173 175 180 83 168
175 176 173 180 169 179 171 174
174 223 227 169 171 0 225 228
94 91 176 170 177 95 106 172
173 175 171 168 174 88 83 84
191 230 188 89 186 231 282 221
183 249 188 246 248 77 237 80
186 182 191 187 188 185 249 184
187 185 189 190 186 183 255 257
187 189 184 255 257 263 183 186
191 183 187 188 184 181 182 185
185 184 189 183 186 255 190 263
191 181 89 77 182 80 183 186
185 255 257 263 187 184 260 259
184 138 262 125 187 185 189 129
186 181 188 183 182 89 282 230
200 198 194 29 197 93 68 195
68 196 199 194 29 197 90 100
29 68 197 192 193 196 200 93
29 109 17 192 194 198 114 68
193 24 29 194 199 68 309 197
68 93 194 200 100 192 97 29
117 201 200 192 202 112 111 93
193 314 309 317 196 32 307 24
93 192 198 197 103 201 202 97
202 208 198 117 220 200 214 103
201 208 220 214 211 116 198 103
115 212 107 322 328 113 215 236
247 219 238 213 241 206 205 209
245 209 216 219 247 213 217 212
213 219 217 74 210 207 216 209
74 105 81 206 210 98 214 87
220 202 214 211 201 116 210 105
216 217 213 205 219 218 212 206
211 218 217 220 216 214 105 206
220 218 210 215 208 113 116 214
113 215 216 218 209 203 115 217
217 219 206 209 216 218 210 204
105 220 208 202 210 103 211 201
113 218 211 212 116 216 220 210
217 209 218 213 210 215 212 211
216 213 209 218 206 210 219 211
211 216 215 210 217 209 113 220
213 204 206 217 209 216 247 205
208 211 214 202 210 218 215 116
231 226 230 222 228 225 284 181
226 224 221 229 228 231 225 223
178 227 225 228 0 174 224 169
229 228 223 222 0 225 178 227
228 227 223 178 231 174 224 171
221 222 231 284 228 230 224 225
225 223 178 174 171 228 169 78
225 223 227 224 231 178 0 229
224 0 222 228 223 225 178 227
231 89 181 221 188 225 191 78
221 230 225 228 89 226 181 227
235 234 132 233 139 152 136 151
232 235 234 132 136 137 37 265
235 132 136 139 232 37 137 152
232 234 132 139 136 152 151 37
245 322 323 205 239 244 242 203
241 246 249 248 238 251 182 183
241 247 248 246 237 204 249 242
244 243 242 252 245 253 240 236
253 239 258 64 323 252 302 236
238 248 246 237 249 247 204 251
244 243 245 247 239 238 205 204
244 242 239 251 252 259 247 238
242 243 239 245 247 238 251 205
205 242 244 247 236 239 204 209
248 249 241 237 238 182 204 183
204 238 242 245 244 219 241 205
246 249 241 237 238 182 204 247
246 248 241 237 182 238 183 77
261 259 257 260 263 255 252 256
259 263 237 243 252 255 257 241
259 253 250 243 251 263 257 239
258 252 240 254 239 302 259 250
258 302 261 253 256 250 252 303
257 263 189 260 259 250 185 251
261 260 250 262 144 257 254 150
255 263 259 250 189 260 185 251
254 302 253 240 261 252 250 303
263 252 250 257 255 251 261 260
257 250 256 255 261 262 263 189
250 256 260 254 257 259 255 252
138 260 256 190 150 189 255 257
257 255 259 189 250 251 260 185
266 265 134 119 130 31 128 339
264 266 134 119 130 31 339 128
264 265 134 119 130 31 128 339
276 268 338 277 271 332 337 275
277 267 271 276 332 338 69 337
278 274 335 333 279 334 337 275
272 280 324 271 71 327 53 273
268 277 267 270 71 276 69 272
71 273 324 270 271 321 330 69
272 71 324 330 321 329 325 328
279 333 278 269 275 337 334 332
279 332 337 333 277 268 274 267
267 338 268 332 271 277 337 280
268 271 267 69 276 275 332 71
269 274 335 333 279 334 337 275
275 274 337 332 333 334 277 268
53 270 61 327 271 55 52 324
282 289 288 285 287 30 286 283
281 30 287 284 288 285 181 289
286 285 289 288 133 126 281 124
30 287 288 282 226 221 281 285
283 288 286 287 30 289 281 282
283 289 285 133 126 125 124 288
30 284 288 282 285 281 283 286
287 30 285 284 283 282 281 286
286 125 283 281 133 285 124 126
291 295 294 292 293 336 6 16
290 295 292 294 293 336 6 16
291 290 295 294 296 293 336 6
336 294 16 331 59 66 295 2
290 295 293 291 336 292 16 6
291 290 294 292 293 336 335 16
163 159 292 291 161 155 290 166
299 298 9 305 11 300 51 301
300 297 299 305 304 301 303 11
297 298 58 51 300 9 301 62
298 304 301 303 299 297 146 305
300 303 304 299 298 320 58 302
254 258 303 253 304 301 261 240
304 300 301 302 146 298 254 258
303 300 301 298 146 302 299 148
11 297 298 7 148 8 14 299
310 315 319 308 311 313 316 45
32 102 92 313 314 199 317 312
316 311 310 315 319 39 44 306
317 314 318 24 312 199 313 196
308 311 315 319 316 306 313 312
308 310 315 316 319 312 313 39
313 317 319 318 315 314 311 309
312 319 315 317 314 318 311 310
317 309 312 313 199 318 32 307
319 311 310 308 312 313 316 306
308 311 310 39 315 44 319 25
314 309 312 318 313 319 199 315
312 317 309 313 314 319 315 25
315 310 311 313 312 308 316 318
54 58 50 65 48 62 301 64
329 330 328 322 324 323 273 327
328 329 321 330 323 236 203 115
322 329 321 236 328 327 64 330
272 327 273 270 321 329 330 71
326 330 108 273 107 328 115 329
26 108 325 20 107 110 114 111
52 324 53 64 270 323 321 280
329 330 322 321 115 203 323 325
321 328 330 322 323 324 273 115
321 329 328 322 273 325 324 115
334 338 333 337 276 332 267 66
337 338 333 267 334 275 276 268
334 337 332 338 275 274 279 331
333 337 332 338 331 275 276 274
269 278 334 274 333 331 336 337
293 331 294 335 334 295 66 333
332 333 338 334 275 267 279 276
332 276 337 267 334 333 268 331
341 31 340 130 33 134 265 266
31 339 341 130 33 134 265 266
339 31 340 130 33 134 265 266
351 345 344 352 349 343 40 350
352 344 350 345 342 353 346 351
352 345 342 351 343 349 350 346
342 344 352 351 343 349 40 350
350 348 38 41 46 343 354 349
353 354 21 348 350 19 343 42
354 41 346 350 42 46 19 38
351 40 342 344 345 352 38 346
346 348 343 41 38 354 46 344
342 345 349 344 352 40 343 350
344 345 343 342 351 349 350 346
343 350 347 352 348 344 346 354
348 42 19 41 350 346 46 25